Accuracy: 1.0000
Confusion Matrix:
[[50  0  0  0  0  0  0  0  0  0  0  0  0  0  0]
 [ 0 50  0  0  0  0  0  0  0  0  0  0  0  0  0]
 [ 0  0 50  0  0  0  0  0  0  0  0  0  0  0  0]
 [ 0  0  0 50  0  0  0  0  0  0  0  0  0  0  0]
 [ 0  0  0  0 50  0  0  0  0  0  0  0  0  0  0]
 [ 0  0  0  0  0 50  0  0  0  0  0  0  0  0  0]
 [ 0  0  0  0  0  0 50  0  0  0  0  0  0  0  0]
 [ 0  0  0  0  0  0  0 50  0  0  0  0  0  0  0]
 [ 0  0  0  0  0  0  0  0 50  0  0  0  0  0  0]
 [ 0  0  0  0  0  0  0  0  0 50  0  0  0  0  0]
 [ 0  0  0  0  0  0  0  0  0  0 50  0  0  0  0]
 [ 0  0  0  0  0  0  0  0  0  0  0 50  0  0  0]
 [ 0  0  0  0  0  0  0  0  0  0  0  0 50  0  0]
 [ 0  0  0  0  0  0  0  0  0  0  0  0  0 50  0]
 [ 0  0  0  0  0  0  0  0  0  0  0  0  0  0 50]]
Classification Report:
              precision    recall  f1-score   support

           0       1.00      1.00      1.00        50
           1       1.00      1.00      1.00        50
           2       1.00      1.00      1.00        50
           3       1.00      1.00      1.00        50
           4       1.00      1.00      1.00        50
           5       1.00      1.00      1.00        50
           6       1.00      1.00      1.00        50
           7       1.00      1.00      1.00        50
           8       1.00      1.00      1.00        50
           9       1.00      1.00      1.00        50
          10       1.00      1.00      1.00        50
          11       1.00      1.00      1.00        50
          12       1.00      1.00      1.00        50
          13       1.00      1.00      1.00        50
          14       1.00      1.00      1.00        50

    accuracy                           1.00       750
   macro avg       1.00      1.00      1.00       750
weighted avg       1.00      1.00      1.00       750
