Accuracy: 0.9190
Confusion Matrix:
[[49  0  0  0  0  0  0  0  0  0  0  0  0  0  0  0  1  0  0  0]
 [ 0 49  0  0  0  0  0  0  0  1  0  0  0  0  0  0  0  0  0  0]
 [ 0  0 36  1  0  0  4  0  0  0  2  0  0  0  3  2  0  1  0  1]
 [ 0  0  3 44  0  1  0  0  0  1  0  0  0  0  0  0  0  1  0  0]
 [ 0  0  0  0 45  0  0  0  0  0  0  2  0  0  1  1  0  1  0  0]
 [ 0  0  0  2  0 47  0  0  0  0  1  0  0  0  0  0  0  0  0  0]
 [ 0  0  1  0  0  0 47  0  0  0  0  0  0  0  1  1  0  0  0  0]
 [ 0  0  0  0  0  0  0 49  0  0  0  0  0  0  0  0  0  0  0  1]
 [ 0  0  0  0  0  0  0  0 48  0  1  0  0  0  0  0  1  0  0  0]
 [ 0  0  0  0  0  1  0  0  0 47  1  0  0  0  0  0  1  0  0  0]
 [ 0  0  1  0  0  1  0  0  0  1 45  0  0  0  0  0  1  0  0  1]
 [ 0  0  0  0  0  0  0  0  1  0  0 46  0  0  0  2  0  1  0  0]
 [ 1  0  0  0  0  0  0  0  0  0  0  1 48  0  0  0  0  0  0  0]
 [ 0  0  0  0  0  0  3  0  0  0  0  0  0 47  0  0  0  0  0  0]
 [ 1  0  0  0  1  0  3  0  0  1  1  1  0  0 41  0  0  1  0  0]
 [ 0  0  0  0  0  0  1  0  0  0  0  3  0  0  2 40  0  3  0  1]
 [ 0  0  0  0  0  1  0  0  1  0  0  0  0  0  0  0 46  0  0  2]
 [ 0  0  0  1  1  0  0  0  0  0  0  0  0  0  0  0  1 46  0  1]
 [ 0  0  0  0  0  0  0  0  0  0  0  0  0  0  0  0  0  0 50  0]
 [ 0  0  0  0  0  0  0  0  0  0  0  0  0  0  0  0  1  0  0 49]]
Classification Report:
              precision    recall  f1-score   support

           0       0.96      0.98      0.97        50
           1       1.00      0.98      0.99        50
           2       0.88      0.72      0.79        50
           3       0.92      0.88      0.90        50
           4       0.96      0.90      0.93        50
           5       0.92      0.94      0.93        50
           6       0.81      0.94      0.87        50
           7       1.00      0.98      0.99        50
           8       0.96      0.96      0.96        50
           9       0.92      0.94      0.93        50
          10       0.88      0.90      0.89        50
          11       0.87      0.92      0.89        50
          12       1.00      0.96      0.98        50
          13       1.00      0.94      0.97        50
          14       0.85      0.82      0.84        50
          15       0.87      0.80      0.83        50
          16       0.88      0.92      0.90        50
          17       0.85      0.92      0.88        50
          18       1.00      1.00      1.00        50
          19       0.88      0.98      0.92        50

    accuracy                           0.92      1000
   macro avg       0.92      0.92      0.92      1000
weighted avg       0.92      0.92      0.92      1000
