Accuracy: 0.9927
Confusion Matrix:
[[30  0  0  0  0  0  0  0  0  0  0  0  0  0  0  0  0  0  0  0  0  0  0  0
   0  0  0  0  0  0  0  0]
 [ 0 32  0  0  0  0  0  0  0  0  0  0  0  0  0  0  0  0  0  0  0  0  0  0
   0  0  0  0  0  0  0  0]
 [ 0  0 33  0  0  0  0  0  0  0  0  0  0  0  0  0  0  0  0  0  0  0  0  0
   0  0  0  0  0  0  0  0]
 [ 0  0  0 36  0  0  0  0  0  0  0  0  0  0  0  0  0  0  0  0  0  0  0  0
   0  0  0  0  0  0  0  0]
 [ 0  0  0  0 37  0  0  0  0  0  0  0  0  0  0  0  0  0  0  0  0  0  0  0
   0  0  0  0  0  0  0  0]
 [ 0  0  0  0  0 28  0  0  0  0  0  0  0  0  0  0  0  0  0  0  0  0  0  0
   0  0  0  0  0  0  0  0]
 [ 0  0  0  0  0  0 31  0  0  0  0  0  0  0  0  0  0  0  0  0  0  0  0  0
   0  0  0  0  0  0  0  0]
 [ 0  0  0  0  0  0  0 26  0  0  0  0  0  0  0  0  0  0  0  0  0  0  0  0
   0  0  0  0  0  0  0  0]
 [ 0  0  0  0  0  0  1  0 25  0  0  0  0  0  0  0  0  0  1  0  0  0  0  0
   0  0  0  0  1  0  0  0]
 [ 0  0  0  0  0  0  0  0  0 30  0  0  0  0  0  0  0  0  0  0  0  0  0  0
   0  0  0  0  0  0  0  0]
 [ 0  0  0  0  0  0  0  0  0  0 25  0  0  0  0  0  0  0  0  0  0  0  0  0
   0  0  0  0  0  0  0  0]
 [ 0  0  0  0  0  0  0  0  0  0  0 32  0  0  0  0  0  0  0  0  0  0  0  0
   0  0  0  0  0  0  0  0]
 [ 0  0  0  0  0  0  0  0  0  0  0  1 24  0  0  0  0  0  1  0  0  0  0  0
   0  0  0  0  0  0  0  0]
 [ 0  0  0  0  0  0  0  0  0  0  0  0  0 33  0  0  0  0  0  0  0  0  0  0
   0  0  0  0  0  0  0  0]
 [ 0  0  0  0  0  0  0  0  0  0  0  0  0  0 30  0  0  0  0  0  0  0  0  0
   0  0  0  0  0  0  0  0]
 [ 0  0  0  0  0  0  0  0  1  0  0  0  0  0  0 27  0  0  0  0  0  0  0  0
   0  0  0  0  0  0  0  0]
 [ 0  0  0  0  0  0  0  0  0  0  0  0  0  0  0  0 39  0  0  0  0  0  0  0
   0  0  0  0  0  0  0  0]
 [ 0  0  0  0  0  0  0  0  0  0  0  0  0  0  0  0  0 31  0  0  0  0  0  0
   0  0  0  0  0  0  0  0]
 [ 0  0  0  0  0  0  0  0  0  0  0  0  0  0  0  0  0  0 31  0  0  0  0  0
   0  0  0  0  0  0  0  0]
 [ 0  0  0  0  0  0  0  0  0  0  0  0  0  0  0  0  0  0  0 33  0  0  0  0
   0  0  0  0  0  0  0  0]
 [ 0  0  0  0  0  0  0  0  0  0  0  0  0  0  0  0  0  0  0  0 30  0  0  0
   0  0  0  0  0  0  0  0]
 [ 0  0  0  0  0  0  0  0  0  0  0  0  0  0  0  0  0  0  0  0  0 28  0  0
   0  0  0  0  0  0  0  0]
 [ 0  0  0  0  0  0  0  0  0  0  0  0  0  0  0  0  0  0  0  0  0  0 28  0
   0  0  0  0  0  0  0  0]
 [ 0  0  0  0  0  0  0  0  0  0  0  0  0  0  0  0  0  0  0  0  0  0  0 33
   0  0  0  0  0  0  0  0]
 [ 0  0  0  0  0  0  0  0  0  0  0  0  0  0  0  0  0  0  0  0  0  0  0  0
  27  0  0  0  0  0  0  0]
 [ 0  0  0  0  0  0  0  0  0  0  0  0  0  0  0  0  0  0  0  1  0  0  0  0
   0 25  0  0  0  0  0  0]
 [ 0  0  0  0  0  0  0  0  0  0  0  0  0  0  0  0  0  0  0  0  0  0  0  0
   0  0 27  0  0  0  0  0]
 [ 0  0  0  0  0  0  0  0  0  0  0  0  0  0  0  0  0  0  0  0  0  0  0  0
   0  0  0 28  0  0  0  0]
 [ 0  0  0  0  0  0  0  0  0  0  0  0  0  0  0  0  0  0  0  0  0  0  0  0
   0  0  0  0 29  0  0  0]
 [ 0  0  0  0  0  0  0  0  0  0  0  0  0  0  0  0  0  0  0  0  0  0  0  0
   0  0  0  0  0 32  0  0]
 [ 0  0  0  0  0  0  0  0  0  0  0  0  0  0  0  0  0  0  0  0  0  0  0  0
   0  0  0  0  0  0 27  0]
 [ 0  0  0  0  0  0  0  0  0  0  0  0  0  0  0  0  0  0  0  0  0  0  0  0
   0  0  0  0  0  0  0 28]]
Classification Report:
              precision    recall  f1-score   support

           1       1.00      1.00      1.00        30
           2       1.00      1.00      1.00        32
           3       1.00      1.00      1.00        33
           4       1.00      1.00      1.00        36
           5       1.00      1.00      1.00        37
           6       1.00      1.00      1.00        28
           7       0.97      1.00      0.98        31
           8       1.00      1.00      1.00        26
           9       0.96      0.89      0.93        28
          10       1.00      1.00      1.00        30
          11       1.00      1.00      1.00        25
          12       0.97      1.00      0.98        32
          14       1.00      0.92      0.96        26
          15       1.00      1.00      1.00        33
          16       1.00      1.00      1.00        30
          17       1.00      0.96      0.98        28
          18       1.00      1.00      1.00        39
          19       1.00      1.00      1.00        31
          20       0.94      1.00      0.97        31
          21       0.97      1.00      0.99        33
          22       1.00      1.00      1.00        30
          23       1.00      1.00      1.00        28
          24       1.00      1.00      1.00        28
          25       1.00      1.00      1.00        33
          26       1.00      1.00      1.00        27
          27       1.00      0.96      0.98        26
          28       1.00      1.00      1.00        27
          29       1.00      1.00      1.00        28
          30       0.97      1.00      0.98        29
          31       1.00      1.00      1.00        32
          32       1.00      1.00      1.00        27
          33       1.00      1.00      1.00        28

    accuracy                           0.99       962
   macro avg       0.99      0.99      0.99       962
weighted avg       0.99      0.99      0.99       962
